scene         fps m  fps b  p95 m  p95 b cpu95m cpu95b   tris m   tris b call m call b tex m tex b
waterlight     30.0   29.7   38.9   39.8    1.8    4.1   309266   309266    157    157    39    39
leaflight      30.0   30.0   39.4   35.4    3.0    4.8   453826   302154    287    196   102   101
oceanlight     30.0   30.0   43.3   44.2    1.0    1.0   137618   142490     80     80    68    73
afterlight     30.0   30.0   35.4   39.0    5.0    5.7   115720   115720    747    747    99    99
seaward        30.0   30.0   35.4   36.1    1.2    2.6    14776    17212    206    206    37    41
stairlight     30.0   30.0   35.3   39.6    1.1    1.8   445562   516302    170     65    22    24
snowwindow     30.0   30.0   39.4   40.6    4.3    2.0   330860   228556    423    191    26    26
snowhall       30.0   30.0   35.3   39.9    1.1    1.8     8954     8954    152    152    20    20
last-arcade    30.0   30.0   35.4   39.8    1.1    1.2   563540   563726    235    242    79    79
